19780906090000   -9.9500   20.4800    1.0100   19.0000
19780906120000   -9.9000   20.4600    1.0200   19.0000
19780906120000   -9.8500   20.4400    1.0300   19.0000
19780906120000   -9.8000   20.4200    1.0400   19.0000
19780906120000   -9.7500   20.4000    1.0500   19.0000
19780906120000   -9.7000   20.3800    1.0600   19.0000
19780906120000   -9.6500   20.3600    1.0700   19.0000
19780906120000   -9.6000   20.3400    1.0800   19.0000
19780906120000   -9.5500   20.3200    1.0900   19.0000
19780906120000   -9.5000   20.3000    1.1000   19.0000
19780906120000   -9.4500   20.2800    1.1100   19.0000
19780906120000   -9.4000   20.2600    1.1200   19.0000
19780906120000   -9.3500   20.2400    1.1300   19.0000
19780906120000   -9.3000   20.2200    1.1400   19.0000
19780906120000   -9.2500   20.2000    1.1500   19.0000
19780906120000   -9.2000   20.1800    1.1600   19.0000
19780906120000   -9.1500   20.1600    1.1700   19.0000
19780906120000   -9.1000   20.1400    1.1800   19.0000
19780906120000   -9.0500   20.1200    1.1900   19.0000
19780906120000   -9.0000   20.1000    1.2000   19.0000
19780906120000   -8.9500   20.0800    1.2100   19.0000
19780906120000   -8.9000   20.0600    1.2200   19.0000
19780906120000   -8.8500   20.0400    1.2300   19.0000
19780906120000   -8.8000   20.0200    1.2400   19.0000
19780906120000   -8.7500   20.0000    1.2500   19.0000
19780906120000   -8.7000   19.9800    1.2600   19.0000
19780906120000   -8.6500   19.9600    1.2700   19.0000
19780906120000   -8.6000   19.9400    1.2800   19.0000
19780906120000   -8.5500   19.9200    1.2900   19.0000
19780906120000   -8.5000   19.9000    1.3000   19.0000
19780906120000   -8.4500   19.8800    1.3100   19.0000
19780906120000   -8.4000   19.8600    1.3200   19.0000
19780906120000   -8.3500   19.8400    1.3300   19.0000
19780906120000   -8.3000   19.8200    1.3400   19.0000
19780906120000   -8.2500   19.8000    1.3500   19.0000
19780906120000   -8.2000   19.7800    1.3600   19.0000
19780906120000   -8.1500   19.7600    1.3700   19.0000
19780906120000   -8.1000   19.7400    1.3800   19.0000
19780906120000   -8.0500   19.7200    1.3900   19.0000
19780906120000   -8.0000   19.7000    1.4000   19.0000
19780906120000   -7.9500   19.6800    1.4100   19.0000
19780906120000   -7.9000   19.6600    1.4200   19.0000
19780906120000   -7.8500   19.6400    1.4300   19.0000
19780906120000   -7.8000   19.6200    1.4400   19.0000
19780906120000   -7.7500   19.6000    1.4500   19.0000
19780906120000   -7.7000   19.5800    1.4600   19.0000
19780906120000   -7.6500   19.5600    1.4700   19.0000
19780906120000   -7.6000   19.5400    1.4800   19.0000
19780906120000   -7.5500   19.5200    1.4900   19.0000
19780906120000   -7.5000   19.5000    1.5000   19.0000
19780906120000   -7.4500   19.4800    1.5100   19.0000
19780906120000   -7.4000   19.4600    1.5200   19.0000
19780906120000   -7.3500   19.4400    1.5300   19.0000
19780906120000   -7.3000   19.4200    1.5400   19.0000
19780906120000   -7.2500   19.4000    1.5500   19.0000
19780906120000   -7.2000   19.3800    1.5600   19.0000
19780906120000   -7.1500   19.3600    1.5700   19.0000
19780906120000   -7.1000   19.3400    1.5800   19.0000
19780906120000   -7.0500   19.3200    1.5900   19.0000
19780906120000   -7.0000   19.3000    1.6000   19.0000
19780906120000   -6.9500   19.2800    1.6100   19.0000
19780906120000   -6.9000   19.2600    1.6200   19.0000
19780906120000   -6.8500   19.2400    1.6300   19.0000
19780906120000   -6.8000   19.2200    1.6400   19.0000
19780906120000   -6.7500   19.2000    1.6500   19.0000
19780906120000   -6.7000   19.1800    1.6600   19.0000
19780906120000   -6.6500   19.1600    1.6700   19.0000
19780906120000   -6.6000   19.1400    1.6800   19.0000
19780906120000   -6.5500   19.1200    1.6900   19.0000
19780906120000   -6.5000   19.1000    1.7000   19.0000
19780906120000   -6.4500   19.0800    1.7100   19.0000
19780906120000   -6.4000   19.0600    1.7200   19.0000
19780906120000   -6.3500   19.0400    1.7300   19.0000
19780906120000   -6.3000   19.0200    1.7400   19.0000
19780906120000   -6.2500   19.0000    1.7500   19.0000
19780906120000   -6.2000   18.9800    1.7600   19.0000
19780906120000   -6.1500   18.9600    1.7700   19.0000
19780906120000   -6.1000   18.9400    1.7800   19.0000
19780906120000   -6.0500   18.9200    1.7900   19.0000
19780906120000   -6.0000   18.9000    1.8000   19.0000
19780906120000   -5.9500   18.8800    1.8100   19.0000
19780906120000   -5.9000   18.8600    1.8200   19.0000
19780906120000   -5.8500   18.8400    1.8300   19.0000
19780906120000   -5.8000   18.8200    1.8400   19.0000
19780906120000   -5.7500   18.8000    1.8500   19.0000
19780906120000   -5.7000   18.7800    1.8600   19.0000
19780906120000   -5.6500   18.7600    1.8700   19.0000
19780906120000   -5.6000   18.7400    1.8800   19.0000
19780906120000   -5.5500   18.7200    1.8900   19.0000
19780906120000   -5.5000   18.7000    1.9000   19.0000
19780906120000   -5.4500   18.6800    1.9100   19.0000
19780906120000   -5.4000   18.6600    1.9200   19.0000
19780906120000   -5.3500   18.6400    1.9300   19.0000
19780906120000   -5.3000   18.6200    1.9400   19.0000
19780906120000   -5.2500   18.6000    1.9500   19.0000
19780906120000   -5.2000   18.5800    1.9600   19.0000
19780906120000   -5.1500   18.5600    1.9700   19.0000
19780906120000   -5.1000   18.5400    1.9800   19.0000
19780906120000   -5.0500   18.5200    1.9900   19.0000
19780906120000   -5.0000   18.5000    2.0000   19.0000
19780906120000   -4.9500   18.4800    2.0100   19.0000
19780906120000   -4.9000   18.4600    2.0200   19.0000
19780906120000   -4.8500   18.4400    2.0300   19.0000
19780906120000   -4.8000   18.4200    2.0400   19.0000
19780906120000   -4.7500   18.4000    2.0500   19.0000
19780906120000   -4.7000   18.3800    2.0600   19.0000
19780906120000   -4.6500   18.3600    2.0700   19.0000
19780906120000   -4.6000   18.3400    2.0800   19.0000
19780906120000   -4.5500   18.3200    2.0900   19.0000
19780906120000   -4.5000   18.2999    2.1000   19.0000
19780906120000   -4.4500   18.2799    2.1100   19.0000
19780906120000   -4.4000   18.2599    2.1200   19.0000
19780906120000   -4.3500   18.2399    2.1300   19.0000
19780906120000   -4.3000   18.2199    2.1400   19.0000
19780906120000   -4.2500   18.1999    2.1500   19.0000
19780906120000   -4.2000   18.1799    2.1600   19.0000
19780906120000   -4.1500   18.1599    2.1700   19.0000
19780906120000   -4.1000   18.1399    2.1800   19.0000
19780906120000   -4.0500   18.1199    2.1900   19.0000
19780906120000   -4.0000   18.0999    2.2000   19.0000
19780906120000   -3.9500   18.0799    2.2100   19.0000
19780906120000   -3.9000   18.0599    2.2200   19.0000
19780906120000   -3.8500   18.0399    2.2300   19.0000
19780906120000   -3.8000   18.0199    2.2400   19.0000
19780906120000   -3.7500   17.9999    2.2500   19.0000
19780906120000   -3.7000   17.9799    2.2600   19.0000
19780906120000   -3.6500   17.9599    2.2700   19.0000
19780906120000   -3.6000   17.9399    2.2800   19.0000
19780906120000   -3.5500   17.9199    2.2900   19.0000
19780906120000   -3.5000   17.8999    2.3000   19.0000
19780906120000   -3.4500   17.8799    2.3100   19.0000
19780906120000   -3.4000   17.8599    2.3200   19.0000
19780906120000   -3.3500   17.8399    2.3300   19.0000
19780906120000   -3.3000   17.8199    2.3400   19.0000
19780906120000   -3.2500   17.7999    2.3500   19.0000
19780906120000   -3.2000   17.7799    2.3600   19.0000
19780906120000   -3.1500   17.7599    2.3700   19.0000
19780906120000   -3.1000   17.7399    2.3800   19.0000
19780906120000   -3.0500   17.7199    2.3900   19.0000
19780906120000   -3.0000   17.6999    2.4000   19.0000
19780906120000   -2.9500   17.6799    2.4100   19.0000
19780906120000   -2.9000   17.6599    2.4200   19.0000
19780906120000   -2.8500   17.6399    2.4300   19.0000
19780906120000   -2.8000   17.6199    2.4400   19.0000
19780906120000   -2.7500   17.5999    2.4500   19.0000
19780906120000   -2.7000   17.5799    2.4600   19.0000
19780906120000   -2.6500   17.5599    2.4700   19.0000
19780906120000   -2.6000   17.5399    2.4800   19.0000
19780906120000   -2.5500   17.5199    2.4900   19.0000
19780906120000   -2.5000   17.4999    2.5000   19.0000
19780906120000   -2.4500   17.4799    2.5100   19.0000
19780906120000   -2.4000   17.4599    2.5200   19.0000
19780906120000   -2.3500   17.4399    2.5300   19.0000
19780906120000   -2.3000   17.4199    2.5400   19.0000
19780906120000   -2.2500   17.3999    2.5500   19.0000
19780906120000   -2.2000   17.3799    2.5600   19.0000
19780906120000   -2.1500   17.3599    2.5700   19.0000
19780906120000   -2.1000   17.3399    2.5800   19.0000
19780906120000   -2.0500   17.3199    2.5900   19.0000
19780906120000   -2.0000   17.2999    2.6000   19.0000
19780906120000   -1.9500   17.2799    2.6100   19.0000
19780906120000   -1.9000   17.2599    2.6200   19.0000
19780906120000   -1.8500   17.2399    2.6300   19.0000
19780906120000   -1.8000   17.2199    2.6400   19.0000
19780906120000   -1.7500   17.1999    2.6500   19.0000
19780906120000   -1.7000   17.1799    2.6600   19.0000
19780906120000   -1.6500   17.1599    2.6700   19.0000
19780906120000   -1.6000   17.1399    2.6800   19.0000
19780906120000   -1.5500   17.1199    2.6900   19.0000
19780906120000   -1.5000   17.0999    2.7000   19.0000
19780906120000   -1.4500   17.0799    2.7100   19.0000
19780906120000   -1.4000   17.0599    2.7200   19.0000
19780906120000   -1.3500   17.0399    2.7300   19.0000
19780906120000   -1.3000   17.0199    2.7400   19.0000
19780906120000   -1.2500   16.9999    2.7500   19.0000
19780906120000   -1.2000   16.9799    2.7600   19.0000
19780906120000   -1.1500   16.9599    2.7700   19.0000
19780906120000   -1.1000   16.9399    2.7800   19.0000
19780906120000   -1.0500   16.9199    2.7900   19.0000
19780906120000   -1.0000   16.8999    2.8000   19.0000
19780906120000   -0.9500   16.8799    2.8100   19.0000
19780906120000   -0.9000   16.8599    2.8200   19.0000
19780906120000   -0.8500   16.8399    2.8300   19.0000
19780906120000   -0.8000   16.8199    2.8400   19.0000
19780906120000   -0.7500   16.7999    2.8500   19.0000
19780906120000   -0.7000   16.7799    2.8600   19.0000
19780906120000   -0.6500   16.7599    2.8700   19.0000
19780906120000   -0.6000   16.7399    2.8800   19.0000
19780906120000   -0.5500   16.7199    2.8900   19.0000
19780906120000   -0.5000   16.6999    2.9000   19.0000
19780906120000   -0.4500   16.6799    2.9100   19.0000
19780906120000   -0.4000   16.6599    2.9200   19.0000
19780906120000   -0.3500   16.6399    2.9300   19.0000
19780906120000   -0.3000   16.6199    2.9400   19.0000
19780906120000   -0.2500   16.5999    2.9500   19.0000
19780906120000   -0.2000   16.5799    2.9600   19.0000
19780906120000   -0.1500   16.5599    2.9700   19.0000
19780906120000   -0.1000   16.5399    2.9800   19.0000
19780906120000   -0.0500   16.5199    2.9900   19.0000
19780906120000    0.0000   16.4999    3.0000   19.0000
19780906120000    0.0500   16.4799    3.0100   19.0000
19780906120000    0.1000   16.4599    3.0200   19.0000
19780906120000    0.1500   16.4399    3.0300   19.0000
19780906120000    0.2000   16.4199    3.0400   19.0000
19780906120000    0.2500   16.3999    3.0500   19.0000
19780906120000    0.3000   16.3799    3.0600   19.0000
19780906120000    0.3500   16.3599    3.0700   19.0000
19780906120000    0.4000   16.3399    3.0800   19.0000
19780906120000    0.4500   16.3199    3.0900   19.0000
19780906120000    0.5000   16.2999    3.1000   19.0000
19780906120000    0.5500   16.2799    3.1100   19.0000
19780906120000    0.6000   16.2599    3.1200   19.0000
19780906120000    0.6500   16.2399    3.1300   19.0000
19780906120000    0.7000   16.2199    3.1400   19.0000
19780906120000    0.7500   16.1999    3.1500   19.0000
19780906120000    0.8000   16.1799    3.1600   19.0000
19780906120000    0.8500   16.1599    3.1700   19.0000
19780906120000    0.9000   16.1399    3.1800   19.0000
19780906120000    0.9500   16.1199    3.1900   19.0000
19780906120000    1.0000   16.0999    3.2000   19.0000
19780906120000    1.0500   16.0799    3.2100   19.0000
19780906120000    1.1000   16.0599    3.2200   19.0000
19780906120000    1.1500   16.0399    3.2300   19.0000
19780906120000    1.2000   16.0199    3.2400   19.0000
19780906120000    1.2500   15.9999    3.2500   19.0000
19780906120000    1.3000   15.9799    3.2600   19.0000
19780906120000    1.3500   15.9599    3.2700   19.0000
19780906120000    1.4000   15.9399    3.2800   19.0000
19780906120000    1.4500   15.9199    3.2900   19.0000
19780906120000    1.5000   15.8999    3.3000   19.0000
19780906120000    1.5500   15.8799    3.3100   19.0000
19780906120000    1.6000   15.8599    3.3200   19.0000
19780906120000    1.6500   15.8399    3.3300   19.0000
19780906120000    1.7000   15.8199    3.3400   19.0000
19780906120000    1.7500   15.7999    3.3500   19.0000
19780906120000    1.8000   15.7799    3.3600   19.0000
19780906120000    1.8500   15.7599    3.3700   19.0000
19780906120000    1.9000   15.7399    3.3800   19.0000
19780906120000    1.9500   15.7199    3.3900   19.0000
19780906120000    2.0000   15.6999    3.4000   19.0000
19780906120000    2.0500   15.6799    3.4100   19.0000
19780906120000    2.1000   15.6599    3.4200   19.0000
19780906120000    2.1500   15.6399    3.4300   19.0000
19780906120000    2.2000   15.6199    3.4400   19.0000
19780906120000    2.2500   15.5999    3.4500   19.0000
19780906120000    2.3000   15.5799    3.4600   19.0000
19780906120000    2.3500   15.5599    3.4700   19.0000
19780906120000    2.4000   15.5399    3.4800   19.0000
19780906120000    2.4500   15.5199    3.4900   19.0000
19780906120000    2.5000   15.4999    3.5000   19.0000
19780906120000    2.5500   15.4799    3.5100   19.0000
19780906120000    2.6000   15.4599    3.5200   19.0000
19780906120000    2.6500   15.4399    3.5300   19.0000
19780906120000    2.7000   15.4199    3.5400   19.0000
19780906120000    2.7500   15.3999    3.5500   19.0000
19780906120000    2.8000   15.3799    3.5600   19.0000
19780906120000    2.8500   15.3599    3.5700   19.0000
19780906120000    2.9000   15.3399    3.5800   19.0000
19780906120000    2.9500   15.3199    3.5900   19.0000
19780906120000    3.0000   15.2999    3.6000   19.0000
19780906120000    3.0500   15.2799    3.6100   19.0000
19780906120000    3.1000   15.2599    3.6200   19.0000
19780906120000    3.1500   15.2399    3.6300   19.0000
19780906120000    3.2000   15.2199    3.6400   19.0000
19780906120000    3.2500   15.1999    3.6500   19.0000
19780906120000    3.3000   15.1799    3.6600   19.0000
19780906120000    3.3500   15.1599    3.6700   19.0000
19780906120000    3.4000   15.1399    3.6800   19.0000
19780906120000    3.4500   15.1199    3.6900   19.0000
19780906120000    3.5000   15.0999    3.7000   19.0000
19780906120000    3.5500   15.0799    3.7100   19.0000
19780906120000    3.6000   15.0599    3.7200   19.0000
19780906120000    3.6500   15.0399    3.7300   19.0000
19780906120000    3.7000   15.0199    3.7400   19.0000
19780906120000    3.7500   14.9999    3.7500   19.0000
19780906120000    3.8000   14.9799    3.7600   19.0000
19780906120000    3.8500   14.9599    3.7700   19.0000
19780906120000    3.9000   14.9399    3.7800   19.0000
19780906120000    3.9500   14.9199    3.7900   19.0000
19780906120000    4.0000   14.8999    3.8000   19.0000
19780906120000    4.0500   14.8799    3.8100   19.0000
19780906120000    4.1000   14.8599    3.8200   19.0000
19780906120000    4.1500   14.8399    3.8300   19.0000
19780906120000    4.2000   14.8199    3.8400   19.0000
19780906120000    4.2500   14.7999    3.8500   19.0000
19780906120000    4.3000   14.7799    3.8600   19.0000
19780906120000    4.3500   14.7599    3.8700   19.0000
19780906120000    4.4000   14.7399    3.8800   19.0000
19780906120000    4.4500   14.7199    3.8900   19.0000
19780906120000    4.5000   14.6999    3.9000   19.0000
19780906120000    4.5500   14.6799    3.9100   19.0000
19780906120000    4.6000   14.6599    3.9200   19.0000
19780906120000    4.6500   14.6399    3.9300   19.0000
19780906120000    4.7000   14.6199    3.9400   19.0000
19780906120000    4.7500   14.5999    3.9500   19.0000
19780906120000    4.8000   14.5799    3.9600   19.0000
19780906120000    4.8500   14.5599    3.9700   19.0000
19780906120000    4.9000   14.5399    3.9800   19.0000
19780906120000    4.9500   14.5199    3.9900   19.0000
19780906120000    5.0000   14.4999    4.0000   19.0000
19780906120000    5.0500   14.4799    4.0100   19.0000
19780906120000    5.1000   14.4599    4.0200   19.0000
19780906120000    5.1500   14.4399    4.0300   19.0000
19780906120000    5.2000   14.4199    4.0400   19.0000
19780906120000    5.2500   14.3999    4.0500   19.0000
19780906120000    5.3000   14.3799    4.0600   19.0000
19780906120000    5.3500   14.3599    4.0700   19.0000
19780906120000    5.4000   14.3399    4.0800   19.0000
19780906120000    5.4500   14.3199    4.0900   19.0000
19780906120000    5.5000   14.2999    4.1000   19.0000
19780906120000    5.5500   14.2799    4.1100   19.0000
19780906120000    5.6000   14.2599    4.1200   19.0000
19780906120000    5.6500   14.2399    4.1300   19.0000
19780906120000    5.7000   14.2199    4.1400   19.0000
19780906120000    5.7500   14.1999    4.1500   19.0000
19780906120000    5.8000   14.1799    4.1600   19.0000
19780906120000    5.8500   14.1599    4.1700   19.0000
19780906120000    5.9000   14.1399    4.1800   19.0000
19780906120000    5.9500   14.1199    4.1900   19.0000
19780906120000    6.0000   14.0999    4.2000   19.0000
19780906120000    6.0500   14.0799    4.2100   19.0000
19780906120000    6.1000   14.0599    4.2200   19.0000
19780906120000    6.1500   14.0399    4.2300   19.0000
19780906120000    6.2000   14.0199    4.2400   19.0000
19780906120000    6.2500   13.9999    4.2500   19.0000
19780906120000    6.3000   13.9799    4.2600   19.0000
19780906120000    6.3500   13.9599    4.2700   19.0000
19780906120000    6.4000   13.9398    4.2800   19.0000
19780906120000    6.4500   13.9198    4.2900   19.0000
19780906120000    6.5000   13.8998    4.3000   19.0000
19780906120000    6.5500   13.8798    4.3100   19.0000
19780906120000    6.6000   13.8598    4.3200   19.0000
19780906120000    6.6500   13.8398    4.3300   19.0000
19780906120000    6.7000   13.8198    4.3400   19.0000
19780906120000    6.7500   13.7998    4.3500   19.0000
19780906120000    6.8000   13.7798    4.3600   19.0000
19780906120000    6.8500   13.7598    4.3700   19.0000
19780906120000    6.9000   13.7398    4.3800   19.0000
19780906120000    6.9500   13.7198    4.3900   19.0000
19780906120000    7.0000   13.6998    4.4000   19.0000
19780906120000    7.0500   13.6798    4.4100   19.0000
19780906120000    7.1000   13.6598    4.4200   19.0000
19780906120000    7.1500   13.6398    4.4300   19.0000
19780906120000    7.2000   13.6198    4.4400   19.0000
19780906120000    7.2500   13.5998    4.4500   19.0000
19780906120000    7.3000   13.5798    4.4600   19.0000
19780906120000    7.3500   13.5598    4.4700   19.0000
19780906120000    7.4000   13.5398    4.4800   19.0000
19780906120000    7.4500   13.5198    4.4900   19.0000
19780906120000    7.5000   13.4998    4.5000   19.0000
19780906120000    7.5500   13.4798    4.5100   19.0000
19780906120000    7.6000   13.4598    4.5200   19.0000
19780906120000    7.6500   13.4398    4.5300   19.0000
19780906120000    7.7000   13.4198    4.5400   19.0000
19780906120000    7.7500   13.3998    4.5500   19.0000
19780906120000    7.8000   13.3798    4.5600   19.0000
19780906120000    7.8500   13.3598    4.5700   19.0000
19780906120000    7.9000   13.3398    4.5800   19.0000
19780906120000    7.9500   13.3198    4.5900   19.0000
19780906120000    8.0000   13.2998    4.6000   19.0000
19780906120000    8.0500   13.2798    4.6100   19.0000
19780906120000    8.1000   13.2598    4.6200   19.0000
19780906120000    8.1500   13.2398    4.6300   19.0000
19780906120000    8.2000   13.2198    4.6400   19.0000
19780906120000    8.2500   13.1998    4.6500   19.0000
19780906120000    8.3000   13.1798    4.6600   19.0000
19780906120000    8.3500   13.1598    4.6700   19.0000
19780906120000    8.4000   13.1398    4.6800   19.0000
19780906120000    8.4500   13.1198    4.6900   19.0000
19780906120000    8.5000   13.0998    4.7000   19.0000
19780906120000    8.5500   13.0798    4.7100   19.0000
19780906120000    8.6000   13.0598    4.7200   19.0000
19780906120000    8.6500   13.0398    4.7300   19.0000
19780906120000    8.7000   13.0198    4.7400   19.0000
19780906120000    8.7500   12.9998    4.7500   19.0000
19780906120000    8.8000   12.9798    4.7600   19.0000
19780906120000    8.8500   12.9598    4.7700   19.0000
19780906120000    8.9000   12.9398    4.7800   19.0000
19780906120000    8.9500   12.9198    4.7900   19.0000
19780906120000    9.0000   12.8998    4.8000   19.0000
19780906120000    9.0500   12.8798    4.8100   19.0000
19780906120000    9.1000   12.8598    4.8200   19.0000
19780906120000    9.1500   12.8398    4.8300   19.0000
19780906120000    9.2000   12.8198    4.8400   19.0000
19780906120000    9.2500   12.7998    4.8500   19.0000
19780906120000    9.3000   12.7798    4.8600   19.0000
19780906120000    9.3500   12.7598    4.8700   19.0000
19780906120000    9.4000   12.7398    4.8800   19.0000
19780906120000    9.4500   12.7198    4.8900   19.0000
19780906120000    9.5000   12.6998    4.9000   19.0000
19780906120000    9.5500   12.6798    4.9100   19.0000
19780906120000    9.6000   12.6598    4.9200   19.0000
19780906120000    9.6500   12.6398    4.9300   19.0000
19780906120000    9.7000   12.6198    4.9400   19.0000
19780906120000    9.7500   12.5998    4.9500   19.0000
19780906120000    9.8000   12.5798    4.9600   19.0000
19780906120000    9.8500   12.5598    4.9700   19.0000
19780906120000    9.9000   12.5398    4.9800   19.0000
19780906120000    9.9500   12.5198    4.9900   19.0000
19780906120000   10.0000   12.4998    5.0000   19.0000
19780906120000   10.0500   12.4798    5.0100   19.0000
19780906120000   10.1000   12.4598    5.0200   19.0000
19780906120000   10.1500   12.4398    5.0300   19.0000
19780906120000   10.2000   12.4198    5.0400   19.0000
19780906120000   10.2500   12.3998    5.0500   19.0000
19780906120000   10.3000   12.3798    5.0600   19.0000
19780906120000   10.3500   12.3598    5.0700   19.0000
19780906120000   10.4000   12.3398    5.0800   19.0000
19780906120000   10.4500   12.3198    5.0900   19.0000
19780906120000   10.5000   12.2998    5.1000   19.0000
19780906120000   10.5500   12.2798    5.1100   19.0000
19780906120000   10.6000   12.2598    5.1200   19.0000
19780906120000   10.6500   12.2398    5.1300   19.0000
19780906120000   10.7000   12.2198    5.1400   19.0000
19780906120000   10.7500   12.1998    5.1500   19.0000
19780906120000   10.8000   12.1798    5.1600   19.0000
19780906120000   10.8500   12.1598    5.1700   19.0000
19780906120000   10.9000   12.1398    5.1800   19.0000
19780906120000   10.9500   12.1198    5.1900   19.0000
19780906120000   11.0000   12.0998    5.2000   19.0000
19780906120000   11.0500   12.0798    5.2100   19.0000
19780906120000   11.1000   12.0598    5.2200   19.0000
19780906120000   11.1500   12.0398    5.2300   19.0000
19780906120000   11.2000   12.0198    5.2400   19.0000
19780906120000   11.2500   11.9998    5.2500   19.0000
19780906120000   11.3000   11.9798    5.2600   19.0000
19780906120000   11.3500   11.9598    5.2700   19.0000
19780906120000   11.4000   11.9398    5.2800   19.0000
19780906120000   11.4500   11.9198    5.2900   19.0000
19780906120000   11.5000   11.8998    5.3000   19.0000
19780906120000   11.5500   11.8798    5.3100   19.0000
19780906120000   11.6000   11.8598    5.3200   19.0000
19780906120000   11.6500   11.8398    5.3300   19.0000
19780906120000   11.7000   11.8198    5.3400   19.0000
19780906120000   11.7500   11.7998    5.3500   19.0000
19780906120000   11.8000   11.7798    5.3600   19.0000
19780906120000   11.8500   11.7598    5.3700   19.0000
19780906120000   11.9000   11.7398    5.3800   19.0000
19780906120000   11.9500   11.7198    5.3900   19.0000
19780906120000   12.0000   11.6998    5.4000   19.0000
19780906120000   12.0500   11.6798    5.4100   19.0000
19780906120000   12.1000   11.6598    5.4200   19.0000
19780906120000   12.1500   11.6398    5.4300   19.0000
19780906120000   12.2000   11.6198    5.4400   19.0000
19780906120000   12.2500   11.5998    5.4500   19.0000
19780906120000   12.3000   11.5798    5.4600   19.0000
19780906120000   12.3500   11.5598    5.4700   19.0000
19780906120000   12.4000   11.5398    5.4800   19.0000
19780906120000   12.4500   11.5198    5.4900   19.0000
19780906120000   12.5000   11.4998    5.5000   19.0000
19780906120000   12.5500   11.4798    5.5100   19.0000
19780906120000   12.6000   11.4598    5.5200   19.0000
19780906120000   12.6501   11.4398    5.5300   19.0000
19780906120000   12.7001   11.4198    5.5400   19.0000
19780906120000   12.7501   11.3998    5.5500   19.0000
19780906120000   12.8001   11.3798    5.5600   19.0000
19780906120000   12.8501   11.3598    5.5700   19.0000
19780906120000   12.9001   11.3398    5.5800   19.0000
19780906120000   12.9501   11.3198    5.5900   19.0000
19780906120000   13.0001   11.2998    5.6000   19.0000
19780906120000   13.0501   11.2798    5.6100   19.0000
19780906120000   13.1001   11.2598    5.6200   19.0000
19780906120000   13.1501   11.2398    5.6300   19.0000
19780906120000   13.2001   11.2198    5.6400   19.0000
19780906120000   13.2501   11.1998    5.6500   19.0000
19780906120000   13.3001   11.1798    5.6600   19.0000
19780906120000   13.3501   11.1598    5.6700   19.0000
19780906120000   13.4001   11.1398    5.6800   19.0000
19780906120000   13.4501   11.1198    5.6900   19.0000
19780906120000   13.5001   11.0998    5.7000   19.0000
19780906120000   13.5501   11.0798    5.7100   19.0000
19780906120000   13.6001   11.0598    5.7200   19.0000
19780906120000   13.6501   11.0398    5.7300   19.0000
19780906120000   13.7001   11.0198    5.7400   19.0000
19780906120000   13.7501   10.9998    5.7500   19.0000
19780906120000   13.8001   10.9798    5.7600   19.0000
19780906120000   13.8501   10.9598    5.7700   19.0000
19780906120000   13.9001   10.9398    5.7800   19.0000
19780906120000   13.9501   10.9198    5.7900   19.0000
19780906120000   14.0001   10.8998    5.8000   19.0000
19780906120000   14.0501   10.8798    5.8100   19.0000
19780906120000   14.1001   10.8598    5.8200   19.0000
19780906120000   14.1501   10.8398    5.8300   19.0000
19780906120000   14.2001   10.8198    5.8400   19.0000
19780906120000   14.2501   10.7998    5.8500   19.0000
19780906120000   14.3001   10.7798    5.8600   19.0000
19780906120000   14.3501   10.7598    5.8700   19.0000
19780906120000   14.4001   10.7398    5.8800   19.0000
19780906120000   14.4501   10.7198    5.8900   19.0000
19780906120000   14.5001   10.6998    5.9000   19.0000
19780906120000   14.5501   10.6798    5.9100   19.0000
19780906120000   14.6001   10.6598    5.9200   19.0000
19780906120000   14.6501   10.6398    5.9300   19.0000
19780906120000   14.7001   10.6198    5.9400   19.0000
19780906120000   14.7501   10.5998    5.9500   19.0000
19780906120000   14.8001   10.5798    5.9600   19.0000
19780906120000   14.8501   10.5598    5.9700   19.0000
19780906120000   14.9001   10.5398    5.9800   19.0000
19780906120000   14.9501   10.5198    5.9900   19.0000
19780906120000   15.0001   10.4998    6.0000   19.0000
